0.350 0.033 0.478 0.637 -0.033 -0.319 0.570 -0.837 -0.413 -1.640
-0.795 -0.015 1.774 -1.568 0.302 -1.120 -0.917 -0.091 1.118 0.277
-0.622 -0.554 -0.470 0.700 -0.656 1.460 1.701 0.630 -0.700 -0.674
1.429 -1.163 -0.925 0.973 -0.052 0.409 -0.024 0.384 -0.350 0.203
-2.084 0.100 0.001 -0.070 0.773 1.132 -0.769 -0.609 1.816 1.307
0.462 -0.603 0.264 -0.373 2.173 -1.875 0.261 0.064 -0.814 -0.456
1.288 1.833 0.292 -0.294 0.572 0.917 0.743 -1.727 0.990 -1.903
-0.956 -0.965 0.781 -1.717 0.815 -0.546 -0.162 0.716 -1.781 -0.392
1.195 -0.397 0.404 -0.053 -1.078 -0.605 0.435 0.036 -0.044 -1.107
-0.405 0.089 -0.325 0.217 -0.579 0.025 0.861 -0.184 0.890 1.757
-0.719 1.202 -1.083 0.606 1.244 -1.547 -0.108 0.856 1.034 -0.127
-0.219 -0.112 0.157 0.074 0.029 -1.071 -0.300 3.343 -0.618 1.019
-0.030 0.673 -0.662 -0.685 -1.675 0.737 1.279 0.894 0.987 0.170
-0.495 -1.322 0.362 0.475 -0.043 -1.698 -0.404 -0.741 -0.237 -0.420
-0.333 -0.216 1.170 0.757 -0.691 -0.591 1.444 1.695 0.307 2.096
-0.857 1.419 -1.178 -0.848 -1.576 2.249 -1.159 -0.676 -0.486 0.388
-0.771 0.626 -0.567 1.859 -0.610 -0.016 0.686 3.412 -0.331 -0.652
1.464 2.221 1.177 -0.036 0.376 0.735 0.730 -0.394 0.776 -0.056
1.091 -1.292 0.225 2.591 1.272 -0.640 0.514 1.205 -0.332 0.422
-0.074 -0.030 1.592 -0.039 1.199 0.212 -2.032 0.180 -1.065 -0.053